125000
114500
130000
97501
107000
75000
95000
107000
135000
115000
85000
110000
98900
255695
225750
76000
76700
77400
105000
95000
91000
90000
178000
144900
185000
128000
159000
85000
175800
167000
239000
185000
230000
140000
108000
175000
112300
119000
118000
135000
95526
180000
135000
138000
120000
135000
160000
99443
109000
182000
213000
207900
186000
186000
138000
97900
60000
102000
100000
107000
105000
120000
105000
117000
118000
79000
125000
112000
129990
135000
143100
139881
95000
104650
130000
84000
170000
129990
175000
237000
220000
150000
108000
170000
160000
98000
140000
122000
135000
50000
56000
63000
50000
130000
119000
67000
87000
134000
95000
79000
125000
140000
199000
200000
78000
195000
299000
145000
125000
93791
86674
112926
86674
144000
75000
195000
105000
150000
139000
98000
142000
115000
255000
200000
296000
138000
140000
135000
89000
170000
149000
99000
125000
75000
275000
139000
145300
165000
120000
120000
89000
215000
195000
210000
210000
66000
90000
148000
135000
125000
300000
190000
335000
114000
90000
125000
119000
109000
110000
120000
115000
105000
90000
115000
105000
165000
195000
155000
179000
190000
169000
128000
215000
210000
185000
128000
195000
107000
100000
133000
230000
210000
179000
148000
180000
120000
190000
115000
130000
159000
130000
169000
140000
138000
84000
125000
110000
95000
75000
207000
124000
180000
125000
105000
199000
135000
148000
310000
230000
330000
155000
299000
220000
160000
99000
210000
800000
84000
160000
92000
150000
78000
128000
39000
90000
75000
102000
330000
158000
97000
330000
450000
205000
115000
510000
245000
210000
349000
160000
800000
99000
330000
130000
149000
249000
179000
280000
105000
140000
210000
135000
177000
150000
330000
149000
98000
125000
105000
110000
168000
100000
126000
220000
125000
159000
230000
128000
240000
149000
89000
200000
225000
85000
205000
155000
225000
105000
435000
125000
95000
55000
170000
165000
152000
127000
139000
150000
129000
130000
148000
130000
215000
182000
129500
89000
120000
400000
168000
109000
158000
89000
170000
110000
169000
140000
98000
270000
105000
120000
119000
168000
120000
310000
72000
120000
125000
105000
89000
159000
210000
160000
215000
290000
160000
175000
92000
120000
70000
79000
145000
95000
115000
60000
137000
130000
169000
175000
230000
125000
110000
159000
89000
115000
135000
210000
95000
140000
137000
245000
135000
105000
155000
135000
119000
150000
119000
110000
132000
126000
154000
149000
145000
120000
130000
89900
100000
170000
119000
84900
65000
168000
108000
125000
124000
83000
92000
85000
88000
89900
150000
100000
65000
98000
170000
188000
270000
171000
105000
105000
190350
69000
229175
178000
171800
109000
127875
139000
150000
140000
195000
210000
95000
115000
190000
140000
66000
119000
195000
190000
89000
235000
130000
153000
80000
110000
118000
111500
150000
89000
110000
155000
115000
115000
140000
102000
145000
108000
140000
185000
99000
116000
181900
310000
210000
120000
120000
117000
118000
129000
149000
155000
200000
148000
124000
225000
78000
110000
120000
120000
157000
165000
109000
105000
92000
129000
209000
265000
92000
112000
145000
210000
79000
78000
116000
94000
66000
145000
120000
250000
159000
155000
235000
100000
150000
130000
85000
285000
160000
110000
136000
85000
165000
63000
150000
122000
120000
210000
340000
98000
119000
90000
115000
78000
115000
120000
85000
155000
170000
145000
190000
99000
145000
192000
149000
160000
149000
90000
125000
107000
82000
129000
89000
88000
109000
115000
129000
110000
113000
115000
150000
85000
600000
115000
190000
95000
110000
115000
139000
60000
124000
70600
66000
127000
72700
118000
79000
95000
110000
75000
87746
97000
87000
105000
109000
94500
67000
70000
64500
88000
97000
81900
69048
160000
263500
150000
95000
205000
122000
140000
69000
110000
99900
179000
120000
101500
115000
144000
170000
160000
138000
137000
186000
115000
129700
190000
129000
130000
69000
135000
200000
80000
150000
140000
242700
211900
126728
95000
203750
270000
165000
145000
138000
207000
95000
170760
158500
135000
115000
107000
99000
119000
110000
80000
149000
99000
86000
114000
120000
85000
47000
119800
188000
163000
152264
127000
175000
149000
109900
115000
123500
100000
89900
149000
95000
110000
115000
120000
96000
122400
82000
176800
106000
85000
85000
91500
64300
68450
88650
76000
110000
169500
82000
92000
64765
220000
270000
118000
130000
96000
82000
93500
145000
140000
145000
100000
118000
146000
159000
185600
188100
218400
204000
293700
145000
98900
95000
99000
119400
130600
126850
135913
110000
95000
95000
83000
123000
106500
110000
75000
87746
97000
87000
105000
109000
94500
67000
64500
88000
97000
81900
69048
94638
73000
72000
125000
178000
117000
170000
112000
127500
250000
115000
119300
99000
178000
140000
149000
72000
116000
95000
160000
263500
150000
95000
205000
122000
140000
69000
110000
99900
179000
65000
167000
278000
123809
109000
110000
100000
87746
70800
80850
92700
58900
115000
150000
72000
195000
144080
81700
120000
100000
87000
129000
120000
53000
78000
118000
80000
132000
138000
95207
95851
110000
106369
115000
119031
217079
154749
320000
160000
113500
99000
155000
72000
70000
85000
116000
67000
65000
299864
105000
125000
145000
150000
134000
134000
89900
170000
149000
120000
155900
79000
87500
110000
162000
320000
178000
105000
145000
125000
135000
200000
180000
94000
112000
520000
178000
200000
135000
150000
255000
150000
150000
250000
75000
115000
213000
235000
100277
149730
139000
163873
186000
186000
207900
145000
150000
170000
135000
80000
140000
100000
129500
130000
76900
119500
115000
125000
105000
119900
131400
128000
130000
130000
98001
187000
128000
86000
69900
125000
142000
188000
195000
142000
184750
165100
155000
115000
175000
146000
196500
245000
145000
90000
155840
205000
127000
145000
230000
90000
83000
87226
63666
144000
103600
104800
195000
107000
129900
179000
165000
255000
128000
138500
150000
219000
260000
98001
188000
199000
159000
63523
155000
130000
115000
154999
159000
117000
109999
83186
84000
138000
145000
50000
95700
123000
85000
64000
149000
66000
70000
115000
289000
112000
240000
79900
105466
159000
205000
180000
190000
179000
92000
100000
95526
95000
118000
79000
135000
110000
214000
112000
139999
180000
125000
159000
98000
130000
127000
210000
300000
185000
200000
218000
186000
108460
207900
160000
186000
213000
93000
88000
82000
165000
124000
130000
195000
108460
105500
86000
150000
140175
270000
145000
205000
209000
95000
80000
84500
110000
99000
109000
109000
132000
99000
134900
395000
146000
280000
190000
131000
110000
170000
110000
105000
250000
174000
145000
284544
185000
420000
215000
199000
88000
120000
131000
320000
120000
190000
85000
130000
189000
400000
170000
157905
90000
275000
130000
165000
135000