
799751.3263738813
112912.10090164242
114519.48270402658
109831.87520963694
112590.62346668083
75255.83987105385
94991.55216910463
98267.6341662375
120572.88620726978
108037.2739466536
121858.34596802715
116058.2760614636
105389.05578380024
152773.09737911934
170189.43257183573
98769.90262502065
95114.36134871506
92543.12105196786
100320.32847805071
125374.44119145817
104223.30790402871
107142.97495864642
163609.34836237808
173966.6640833056
159888.25069898425
142511.21882111803
200438.62217448498
112566.54878746664
146002.5819245114
156423.35572944712
221763.79565878378
159888.25069898425
317116.7290865543
191016.01011313102
135697.1656259771
186898.06188695892
148745.19789490657
150774.97918917664
135697.1656259771
107142.97495864642
95270.58458262976
194001.45975927668
166733.52547233127
173624.77595910357
135738.52809193768
155067.00456296673
172795.7268989971
94047.08013199523
115393.81497890744
164837.41491527332
231062.5006452188
249018.07273566487
203611.30267318696
203611.30267318696
157191.21533389372
105620.65325957007
79783.30352165274
158190.7676208935
122190.58869581761
184881.5929540986
137017.8244893807
154312.80479761475
141890.06403240957
171569.22574699184
109831.87520963694
100413.88334567405
118643.98516828612
120930.22419976597
117346.56413040304
154715.46331185824
140814.89337976425
148156.2085194987
114779.54293570925
97580.03220676645
128526.36992508853
111892.78363325233
171569.22574699184
117696.11296211967
236285.12453539963
170196.50860734956
146656.61495885445
152950.94788844386
113566.8469203715
95255.90988297772
177375.63553486098
114941.4204635237
163341.3133763331
139794.9583094713
130646.87870777599
77066.43242090831
77066.43242090831
85495.62494382342
85495.62494382342
125574.17356901434
108360.80315337416
103546.24022515335
122554.19900047392
163609.34836237808
141165.1988426824
106822.75001001
94991.55216910463
197231.57369863708
147053.14174487302
125506.95243990998
117063.63826441445
153125.73664881446
168159.35836421102
134966.94034092914
114178.1858228558
121973.40743365913
116740.43087301643
155321.6764443083
116740.43087301643
134620.56527189643
97160.62716821377
139445.17556566303
103667.00429151238
157259.0167382359
97947.79967690106
109178.8160456815
190776.15237294545
99341.51507513062
144822.53390588434
164542.7441187108
217318.24437041674
166387.7587667981
135697.1656259771
198990.1424232166
108709.22639462503
138426.58998224436
100215.70746163098
128594.73736382274
152423.93289194012
95255.90988297772
157061.2322987069
137147.94679580236
131903.5434306719
158302.96611312355
117696.11296211967
120930.22419976597
108951.949826075
245929.6799845734
264068.96857140237
197679.1633558845
188190.27485580876
92416.40733505382
89935.00970025384
111656.58278768159
118952.84284800141
158204.37308595586
194437.7824799047
175688.2441254821
219935.76617440832
128862.04477309922
124186.34018732316
170189.43257183573
103047.41448660358
107166.49788437001
125550.08243384043
140814.89337976425
109531.7230564998
85785.13995909617
128526.36992508853
121858.34596802715
99389.30942935272
153782.3097394247
155454.72160081135
143203.19123891264
166258.30755026388
156260.56317756925
174842.062974265
141165.1988426824
157019.94317573658
138388.19587083155
136445.04505631566
143315.5517520755
183616.82221593428
136347.8113402201
118924.50460597176
120954.4069005384
183861.12519942803
191324.49119335262
166674.1078451333
103255.09760567345
184114.11518227417
115099.02437433785
174205.21358264177
124931.61490445281
137017.8244893807
164561.7658157373
134006.886038433
147773.02843438232
124907.5316792027
118385.2595962459
92684.8270077304
114178.1858228558
135349.59304128075
109263.869867219
103889.50603839748
159888.25069898425
128867.56824780231
210898.19437498643
153575.00150740347
129189.75733167974
137743.22654110636
145769.77980726445
167080.62507824856
171911.2586499388
150740.39994183544
212832.50096354395
164045.70035992848
233671.44681836362
195926.2075889408
152950.94788844386
121595.494752265
122633.57877307934
789309.4183580823
101036.5027733545
121858.34596802715
103255.09760567345
151653.1639922839
93322.42738971664
109507.95741882996
70366.92048469956
112252.39124649426
95114.36134871506
94047.08013199523
288306.64784103294
161179.13092021807
111500.88881446188
288306.64784103294
268184.1886143612
180380.4607951332
142630.92207231082
517791.2790275815
164026.4650120362
145450.1219060126
258443.46796329156
145029.03930168986
698508.5932536661
122190.58869581761
288306.64784103294
126939.65657051883
149622.19680767116
186531.77183719227
198568.4660187663
244479.84772006128
132266.33965836174
153355.73914774082
191743.900816161
128867.56824780231
143909.63113232196
145701.2238286126
288306.64784103294
139084.1665232274
132932.3091460987
170534.09759866516
116429.25909988956
131054.3495196275
108360.80315337416
138804.20489334606
103359.10840233539
144723.53644832637
138127.07949031878
172795.7268989971
223342.06288745694
141688.2381383055
222083.75482553517
159323.19580235166
103546.24022515335
136500.42048222426
171041.30710764465
135370.4306445934
157068.99360818492
184844.46293305067
259985.3756358053
131223.810067662
271533.2331107742
167239.79268674954
97658.28304668618
71908.41687704288
276215.4504896305
262238.73137089657
156500.05072104547
123851.34981105955
181140.5319106576
202797.09342416486
185366.7889728152
168023.33003109368
159527.72691005893
198104.41093901035
205911.49607895166
158808.73595573247
181677.5161145155
101455.91287066946
160666.19403897203
405019.50987409335
178236.24083840527
141890.06403240957
180758.73859402305
102495.28071424988
130215.17618075506
103006.87346179935
176650.9359253146
148194.7097620853
135697.1656259771
185740.04836484825
125506.95243990998
160666.19403897203
122578.41967066251
226345.52593137507
167937.20885581872
201309.30970735816
92416.40733505382
160666.19403897203
153637.8473556444
113227.63843503049
106822.75001001
216021.06643181163
197235.51502859435
200936.08025374686
187877.54881854588
202042.95310206027
200936.08025374686
183200.23462416694
129871.85965652803
109485.8009513653
142630.92207231082
107484.3459364625
192566.44531633318
97658.28304668618
130433.94453149446
75683.58632064327
113022.3761057661
174513.73288012837
186902.58719288523
143030.0795676584
207246.7049968811
161231.8431701339
136086.55716067692
161231.8431701339
101337.21186798139
104223.30790402871
217519.06239289895
155551.4323035927
99683.61832212194
106178.1574081344
128284.41593820282
176718.13221215518
123909.15753148348
146002.5819245114
203529.89415381264
196526.7443164753
146122.1665333148
156851.09939097386
145283.00466968754
150222.2521412088
141259.2015268751
126218.45525119112
141664.48672338465
126609.28586686008
113338.2602085924
180758.73859402305
103880.24396478213
108132.34205485258
161742.98082952417
176207.0127356089
164561.7658157373
116998.21653339612
87548.95775203034
163237.20366607865
119264.93583374363
145600.12366319002
125640.64063294228
90213.2740159263
121208.79695239064
88093.28784278358
119091.56205391427
135697.1656259771
147794.99183089955
121858.34596802715
156246.53104357194
103546.24022515335
151669.88586807967
186110.6418303828
195397.4010839593
175567.21895505063
122190.58869581761
153708.37083175423
151884.8849331612
132240.7664948079
186097.01527808307
174898.77543007204
138091.67563923204
174148.1095685041
105389.05578380024
162005.6625937334
148106.99501394707
241872.72818973998
193514.59745667738
128927.37065243957
103006.87346179935
136347.8113402201
248087.94611797933
207612.3693594297
87548.95775203034
133939.51006705154
152004.2812394848
154738.45818466312
157029.8181811877
181619.8361067893
131972.43203177984
194097.38874613348
159888.25069898425
118924.50460597176
123546.52733559326
135650.15133341838
180819.4641565692
117063.63826441445
143260.18750450888
177708.86205128266
174513.73288012837
127843.99286537734
114779.54293570925
81550.4780959282
151235.24356118267
113372.2854269479
123222.55694759748
198096.87044436028
115714.59342832647
114496.3811421274
184600.4240664128
168660.72089636454
185394.38034988998
118924.50460597176
132924.64075610702
151057.24580129338
137366.221740294
151995.44502670725
174461.1013247623
176431.4331376613
161610.65653140168
148030.06952941619
108037.2739466536
132961.59284365457
92416.40733505382
118643.98516828612
174535.88299475255
120572.88620726978
233285.75039052294
184031.6964291927
177923.88368456686
155495.1257071725
132266.33965836174
142931.48062805203
151053.51010293816
215430.20074238756
149622.19680767116
107123.73630982329
154738.45818466312
139187.49310602012
87548.95775203034
115714.59342832647
203733.00452469272
131567.68167495407
85259.28941639814
98893.99610735981
103690.11326963527
226857.82038675513
193030.59859251362
214046.75128232958
136035.4326678641
111073.32676377098
178345.99009853703
153758.3692903734
106822.75001001
165513.05644320586
189068.2036822493
135687.93681446498
125941.99534693656
103889.50603839748
179106.31965446382
112566.54878746664
127887.35290184188
135650.15133341838
194437.7824799047
141084.6642821497
176718.13221215518
110140.39841523279
114519.48270402658
106942.74402064261
103546.24022515335
117439.78692616138
138734.96807364866
115740.72912288405
98267.6341662375
172300.4981688556
153470.4277379539
154312.80479761475
162436.6081080506
107444.87123303005
168525.97325245786
183205.36078220504
147102.9206770374
182382.1355463723
149142.11292282253
137060.51665912688
158541.27343037172
119619.80886455713
102190.94840346932
136170.8233167037
106477.45613152387
115454.43339830037
107828.74396253086
104223.30790402871
191016.01011313102
122554.19900047392
123212.55099392633
129235.92136695106
126544.44919813698
115714.59342832647
129305.38638499522
140187.76674955268
168096.35996622947
166258.30755026388
137714.73998873756
129235.92136695106
167209.30240207643
87784.23294698156
130309.48334259528
98122.24029017465
122272.77306532825
205750.0168542627
99389.30942935272
111073.32676377098
90171.16317381978
94514.16616210129
118996.13646162493
97658.28304668618
131921.63113097916
91775.26161531857
118597.68916295136
105412.38167544303
123916.3422728496
128526.36992508853
89935.00970025384
97658.28304668618
85259.28941639814
115906.36951925007
91775.26161531857
101036.5027733545
89935.00970025384
169320.9721084343
282271.1661546633
158971.0250200922
103546.24022515335
138388.19587083155
185684.40405290967
142954.1382923958
115714.59342832647
130215.17618075506
134297.6114780726
160477.56595922032
169405.3413873325
145051.443860132
98543.31934233505
178345.99009853703
125506.95243990998
190736.31349765052
153273.8949539403
157621.48855550526
216021.06643181163
190736.31349765052
151245.63379330555
147597.09681551284
158006.29569640744
157777.09552202828
87376.61694537247
141539.21774318354
146192.653160254
97931.90124325099
174408.43065172608
163609.34836237808
188797.49285787734
240865.72940029134
98225.40624791797
106477.45613152387
159888.25069898425
167575.98563548207
120930.22419976597
115123.61100618393
184114.11518227417
159888.25069898425
122190.58869581761
196336.02647543533
157777.09552202828
141539.21774318354
142536.8938360602
116058.2760614636
122190.58869581761
170609.82893560088
135697.1656259771
97931.90124325099
222411.84057148395
115393.81497890744
94991.55216910463
101360.00214393847
104540.67690398116
92416.40733505382
75440.77680493999
156830.62542389883
193050.10729183728
164101.35273584648
158702.73204951105
93265.05495101113
152950.94788844386
181380.52478206923
163609.34836237808
103255.09760567345
143203.19123891264
150423.86847832456
124839.64052864864
164129.07120916917
152148.32197150838
166035.190708565
102823.8710081969
131604.25352161663
101337.21186798139
106273.36046477038
107142.97495864642
135140.83867269312
113012.35949341
85785.13995909617
130251.32947485232
129216.61860407906
90064.55428852596
92543.12105196786
100193.09207809262
117346.56413040304
129908.00967253352
140455.6642538705
108341.37567558515
124503.62891447214
87548.95775203034
192192.82010371704
255503.712844323
128867.56824780231
101321.02093784043
130041.27739138872
115775.18602923014
127563.9089855455
133601.96607005957
139548.53464255302
140455.6642538705
112566.54878746664
98267.6341662375
150050.8951298974
171126.50461252962
167889.07072789682
197960.53451161727
180802.63587599498
205701.2485289698
238273.1039770339
150626.71170493303
133601.96607005957
124839.64052864864
141165.1988426824
174086.8102836709
144631.16059693595
188104.39024151675
176961.92544999864
124931.61490445281
110140.39841523279
118291.09172808332
111969.3643268613
189070.89567908263
146737.7826140159
118996.13646162493
97658.28304668618
131921.63113097916
91775.26161531857
118952.84284800141
105412.38167544303
124277.9484556515
128903.33561123125
89935.00970025384
85259.28941639814
115906.36951925007
91775.26161531857
101036.5027733545
89935.00970025384
121858.34596802715
124503.62891447214
100696.44833283732
125520.07675038667
170609.82893560088
127887.35290184188
146097.9642493775
183349.2730749417
171911.2586499388
217168.7959624043
142931.48062805203
171911.2586499388
159888.25069898425
165744.0769943721
130214.07912168784
209054.99926384716
132266.33965836174
140187.76674955268
122190.58869581761
168888.7980952354
282271.1661546633
158541.27343037172
103546.24022515335
138388.19587083155
185684.40405290967
143349.5433158484
115714.59342832647
130215.17618075506
134297.6114780726
160477.56595922032
118291.09172808332
153674.59440047125
253268.90560244152
173966.6640833056
138388.19587083155
117411.25587564209
128526.36992508853
131921.63113097916
135303.1015840787
138734.96807364866
115798.55561454887
77066.43242090831
109485.8009513653
153355.73914774082
97931.90124325099
181140.5319106576
160123.77561094516
139084.1665232274
130214.07912168784
174005.9202968009
119264.93583374363
194436.29296207536
139154.00241847127
77066.43242090831
76745.14076028999
104223.30790402871
110721.95605922579
106050.16433159368
121621.5779555637
123546.52733559326
128206.36602243336
133983.30582400132
140869.7402169543
141165.1988426824
157656.69983428917
160475.47220773489
175147.66005004945
186902.58719288523
128521.20999984344
122859.472157917
103255.09760567345
106822.75001001
83800.6343626518
76745.14076028999
97658.28304668618
131782.85374594008
83066.49307784208
75255.83987105385
196919.3788522569
96673.65730984228
242720.7574039385
121621.5779555637
120930.22419976597
131227.49054422308
142198.59689949395
142186.17066519026
167230.0685690463
179049.50188330983
143726.2050269458
172222.1359159135
118035.75766662028
116429.25909988956
142908.97378723213
195397.4010839593
197144.11995350654
146822.4878532887
116380.26877614377
166733.52547233127
109263.869867219
132275.84011551185
179465.64148627224
194001.45975927668
112252.39124649426
115393.81497890744
280444.50287658063
163609.34836237808
134459.15279458743
135349.59304128075
130914.747553632
173966.6640833056
173624.77595910357
184463.52382568087
170196.50860734956
116120.09015766083
165763.19897568296
231062.5006452188
207357.39945570828
121858.34596802715
237015.55071147898
237015.55071147898
231062.5006452188
203611.30267318696
203611.30267318696
249018.07273566487
136270.394053041
100413.88334567405
170534.09759866516
167322.6238208157
121858.34596802715
158184.18132111948
109263.869867219
159888.25069898425
143909.63113232196
99389.30942935272
123909.15753148348
212661.9176526417
133443.6568824702
178151.6338717085
108306.89188075908
101036.5027733545
95586.29209413567
118597.68916295136
116405.12989266365
100525.39879076206
161107.67152183736
95586.29209413567
102190.94840346932
110412.02627234068
139794.9583094713
157191.21533389372
162005.6625937334
217701.2313981862
157191.21533389372
146002.5819245114
126860.23493712988
157777.09552202828
131567.68167495407
160666.19403897203
120982.62101595054
167063.393027072
171498.8905382193
135190.05745962408
95054.1827333445
182798.5117540199
222272.8842687908
174086.8102836709
150843.50389720275
215923.834393288
90497.08559033234
109263.869867219
108707.57262982793
87132.1602888745
178345.99009853703
166000.05775078834
162427.99619432996
149899.2259036674
132266.33965836174
171471.90137185922
146423.24274851277
182401.09473694846
143999.3530539467
142511.21882111803
162999.44107102643
173624.77595910357
135650.15133341838
213246.84715702676
106477.45613152387
156674.58754390207
200066.7682599278
128676.8652170771
174497.09940854294
150843.50389720275
197679.1633558845
135697.1656259771
205009.32861567382
152633.5284067885
150635.9967469569
164396.45722472854
131921.63113097916
101558.66073983841
143558.59386827465
89935.00970025384
71908.41687704288
97776.04655336856
106178.1574081344
112912.10090164242
75255.83987105385
102190.94840346932
97658.28304668618
101036.5027733545
134297.6114780726
295218.16638439544
103255.09760567345
197235.51502859435
131921.63113097916
171413.7887930298
185356.06170835198
240938.79609987867
239282.82846660484
186474.58688558752
143052.84634137934
127515.32819496791
103546.24022515335
95270.58458262976
97658.28304668618
126842.60391632275
115714.59342832647
162797.8362587851
107123.73630982329
233562.9698959078
103359.10840233539
150222.2521412088
156077.31603615865
117411.25587564209
152950.94788844386
105620.65325957007
135697.1656259771
117346.56413040304
187544.73147902088
174514.85549021862
181196.6794279499
203027.98160226774
173966.6640833056
203611.30267318696
145283.00466968754
249018.07273566487
153125.73664881446
203611.30267318696
231062.5006452188
100696.44833283732
121539.91697163717
118924.50460597176
120228.11554514067
134983.81151547265
132350.20723455222
222318.34916793782
145283.00466968754
169066.4002629501
118924.50460597176
163212.07924079866
212611.23609335886
178236.24083840527
150626.71170493303
138388.19587083155
174513.73288012837
89935.00970025384
116058.2760614636
80970.52686153875
98407.43302780228
114779.54293570925
108037.2739466536
106822.75001001
109263.869867219
140865.9228903202
172561.8169303904
251955.54211047597
180758.73859402305
329929.7656031175
188954.95555872662
166566.62318843353
128867.56824780231
175331.88040552766
165763.19897568296
120902.89249197462
170196.50860734956
153355.73914774082
150079.4468797263
269084.71964878275
303187.7924563159
241200.75483476062
156423.35572944712
184497.1012759989
112566.54878746664
128867.56824780231
119264.93583374363
220229.39820174585
112252.39124649426
187278.13132079807
141828.8113192913
118597.68916295136
142924.27376700565
402886.15093238116
158967.62024224873
152543.5031947809
97931.90124325099
220305.8961056519
185879.90697050036
147329.65480726227
146122.1665333148
