0.0
0.0
0.0
0.0
0.0
0.0
0.0
0.7422644515957055
0.042191751791852354
0.8423726762763368
0.12475166936007229
0.4566403620865518
0.448496133507605
0.5157681541614725
0.2887119271792474
0.0
0.0
0.0
0.0
0.0
0.0
0.0
0.0
0.0
0.0
0.0
0.0
0.0
0.5097802795590087
0.21918640507991596
0.9453954145907737
0.2808004298810626
0.32081709196492403
0.40241245033843187
0.14684185206213107
0.007498326706449037
0.0
0.0
0.0
0.0
0.0
0.0
0.0
0.0
0.0
0.0
0.0
0.0
0.0
0.4571727305536587
0.4272378895361802
0.9185499200223908
0.25387719222644367
0.42767352804620407
0.12403948342106672
0.46288391758030994
0.6087923485883961
0.0
0.0
0.0
0.0
0.0
0.0
0.0
0.0
0.0
0.0
0.0
0.0
0.0
0.7535712623258549
0.34450971475893655
0.6779341018206041
0.07464860793095668
0.2868589639233036
0.2745073731611313
0.2017035930717991
0.6277470452703556
0.0
0.0
0.0
0.0
0.0
0.0
